# Name,NameZh,Type,RAh,RAm,RAs,DecD,DecM,DecS,Mag,DistLY
M1,蟹状星云,SupernovaRemnant,5,34,31.9,22,0,52,8.40,6500
M2,球状星团,GlobularCluster,21,33,27.0,-0,49,24,6.50,33000
M3,球状星团,GlobularCluster,13,42,11.2,28,22,38,6.39,33900
M4,球状星团,GlobularCluster,16,23,35.5,-26,31,32,5.60,7200
M5,球状星团,GlobularCluster,15,18,33.2,2,4,52,5.67,24500
M6,蝴蝶星团,OpenCluster,17,40,20.0,-32,13,0,4.20,1600
M7,托勒密星团,OpenCluster,17,53,51.0,-34,47,34,3.30,980
M8,礁湖星云,Nebula,18,3,37.0,-24,23,12,6.00,5200
M9,球状星团,GlobularCluster,17,19,11.8,-18,30,59,7.70,25800
M10,球状星团,GlobularCluster,16,57,9.0,-4,6,0,6.60,14300
M11,野鸭星团,OpenCluster,18,51,48.0,-6,16,0,6.30,6200
M12,球状星团,GlobularCluster,16,47,14.4,-1,56,53,6.70,16000
M13,武仙座大星团,GlobularCluster,16,41,41.6,36,27,37,5.80,22200
M14,球状星团,GlobularCluster,17,37,36.2,-3,14,47,7.60,30300
M15,球状星团,GlobularCluster,21,29,58.3,12,10,1,6.20,33600
M16,鹰状星云,Nebula,18,18,48.0,-13,49,0,6.00,7000
M17,欧米茄星云,Nebula,18,20,26.0,-16,10,36,6.00,5500
M18,疏散星团,OpenCluster,18,19,57.0,-17,6,0,6.90,4900
M19,球状星团,GlobularCluster,17,2,37.7,-26,16,5,7.47,28000
M20,三裂星云,Nebula,18,2,23.0,-23,1,48,6.30,5200
M21,疏散星团,OpenCluster,18,4,36.0,-22,30,0,5.90,4350
M22,球状星团,GlobularCluster,18,36,23.8,-23,54,17,5.10,10600
M23,疏散星团,OpenCluster,17,56,48.0,-19,1,0,5.50,2150
M24,人马座恒星云,OpenCluster,18,17,0.0,-18,29,0,4.60,10000
M25,疏散星团,OpenCluster,18,31,20.0,-19,15,0,4.60,2000
M26,疏散星团,OpenCluster,18,45,20.0,-9,24,0,8.00,5000
M27,哑铃星云,PlanetaryNebula,19,59,36.3,22,43,16,7.40,1360
M28,球状星团,GlobularCluster,18,24,32.9,-24,52,12,6.80,18300
M29,疏散星团,OpenCluster,20,23,56.0,38,31,0,6.60,7200
M30,球状星团,GlobularCluster,21,40,22.1,-23,10,46,7.20,26100
M31,仙女座星系,Galaxy,0,42,44.3,41,16,9,3.44,2537000
M32,椭圆星系,Galaxy,0,42,41.8,40,51,55,8.08,2537000
M33,三角座星系,Galaxy,1,33,50.2,30,39,37,5.72,2723000
M34,疏散星团,OpenCluster,2,42,11.0,42,46,0,5.20,1500
M35,疏散星团,OpenCluster,6,9,0.0,24,20,0,5.10,2800
M36,疏散星团,OpenCluster,5,36,12.0,34,8,12,6.00,4100
M37,疏散星团,OpenCluster,5,52,18.0,32,33,0,5.60,4500
M38,疏散星团,OpenCluster,5,28,42.0,35,50,0,6.40,4200
M39,疏散星团,OpenCluster,21,32,30.0,48,26,0,4.60,820
M40,温尼克双星,DeepSky,12,22,12.0,58,5,0,8.40,510
M41,疏散星团,OpenCluster,6,46,0.0,-20,44,0,4.50,2300
M42,猎户座大星云,Nebula,5,35,17.3,-5,23,28,4.00,1344
M43,德梅朗星云,Nebula,5,35,31.0,-5,16,10,6.90,1344
M44,蜂巢星团,OpenCluster,8,40,24.0,19,40,0,3.10,577
M45,昴星团,OpenCluster,3,47,24.0,24,7,0,1.60,444
M46,疏散星团,OpenCluster,7,41,48.0,-14,49,0,6.00,5400
M47,疏散星团,OpenCluster,7,36,36.0,-14,29,0,4.40,1600
M48,疏散星团,OpenCluster,8,13,42.0,-5,45,0,5.50,1500
M49,室女座星系,Galaxy,12,29,46.7,7,59,52,9.40,56000000
M50,疏散星团,OpenCluster,7,2,48.0,-8,3,0,5.90,2900
M51,涡状星系,Galaxy,13,29,52.7,47,11,43,8.40,23000000
M52,疏散星团,OpenCluster,23,24,48.0,61,35,0,6.90,5000
M53,球状星团,GlobularCluster,13,12,55.2,18,10,55,7.60,58000
M54,球状星团,GlobularCluster,18,55,3.3,-30,28,48,7.60,87400
M55,球状星团,GlobularCluster,19,39,59.7,-30,57,44,6.30,17600
M56,球状星团,GlobularCluster,19,16,35.5,30,11,4,8.30,32900
M57,指环星云,PlanetaryNebula,18,53,35.1,33,1,45,8.80,2300
M58,室女座星系,Galaxy,12,37,43.5,11,49,5,9.67,68000000
M59,室女座星系,Galaxy,12,42,2.7,11,38,42,9.77,60000000
M60,室女座星系,Galaxy,12,43,39.9,11,33,9,8.80,55000000
M61,室女座星系,Galaxy,12,21,54.9,4,28,25,9.65,60000000
M62,球状星团,GlobularCluster,17,1,12.6,-30,6,45,6.52,22500
M63,向日葵星系,Galaxy,13,15,49.3,42,1,45,8.60,37000000
M64,黑眼星系,Galaxy,12,56,43.7,21,40,58,8.52,17000000
M65,狮子座星系,Galaxy,11,18,55.9,13,5,32,9.30,35000000
M66,狮子座星系,Galaxy,11,20,15.1,12,59,30,8.90,35000000
M67,疏散星团,OpenCluster,8,50,24.0,11,49,0,6.10,2700
M68,球状星团,GlobularCluster,12,39,28.0,-26,44,38,7.80,33600
M69,球状星团,GlobularCluster,18,31,23.1,-32,20,53,7.60,29700
M70,球状星团,GlobularCluster,18,43,12.6,-32,17,30,7.90,29400
M71,球状星团,GlobularCluster,19,53,46.5,18,46,42,8.20,13000
M72,球状星团,GlobularCluster,20,53,27.9,-12,32,14,9.30,53000
M73,疏散星团,OpenCluster,20,58,54.0,-12,38,0,8.90,2000
M75,球状星团,GlobularCluster,20,6,4.6,-21,55,16,8.50,67500
M76,小哑铃星云,PlanetaryNebula,1,42,19.7,51,34,31,10.10,3400
M77,鲸鱼座星系,Galaxy,2,42,40.8,-0,0,48,8.87,47000000
M78,反射星云,Nebula,5,46,46.7,0,3,37,8.30,1600
M79,球状星团,GlobularCluster,5,24,10.6,-24,31,27,7.70,42000
M80,球状星团,GlobularCluster,16,17,2.4,-22,58,30,7.30,32600
M81,波德星系,Galaxy,9,55,33.2,69,3,55,6.94,11840000
M82,雪茄星系,Galaxy,9,55,52.7,69,40,47,8.41,11840000
M83,南风车星系,Galaxy,13,37,0.2,-29,51,57,7.54,15000000
M84,室女座星系,Galaxy,12,25,3.7,12,53,13,9.10,60000000
M85,室女座星系,Galaxy,12,25,24.1,18,11,28,9.14,60000000
M86,室女座星系,Galaxy,12,26,11.8,12,56,44,8.87,52000000
M87,室女座A星系,Galaxy,12,30,49.4,12,23,28,9.59,53000000
M88,室女座星系,Galaxy,12,25,47.0,14,25,13,9.56,47000000
M89,室女座星系,Galaxy,12,35,39.8,12,33,23,9.77,50000000
M90,室女座星系,Galaxy,12,35,7.0,13,9,46,9.53,58000000
M91,室女座星系,Galaxy,12,35,26.4,14,30,5,10.00,55000000
M92,球状星团,GlobularCluster,17,17,7.3,43,8,12,6.44,26700
M93,疏散星团,OpenCluster,7,44,24.0,-23,52,0,6.00,3600
M94,鳄鱼眼星系,Galaxy,12,50,53.0,41,7,14,8.00,16000000
M95,狮子座星系,Galaxy,10,43,57.7,11,42,14,9.70,33000000
M96,狮子座星系,Galaxy,10,46,45.7,11,49,12,9.20,38000000
M97,猫头鹰星云,PlanetaryNebula,11,14,47.7,55,1,12,9.90,2600
M98,后发座星系,Galaxy,12,13,48.3,14,54,1,10.10,44000000
M99,后发座星系,Galaxy,12,18,49.6,14,24,59,9.80,45000000
M100,后发座星系,Galaxy,12,22,54.9,15,49,21,9.30,55000000
M101,风车星系,Galaxy,14,3,12.6,54,20,57,7.86,20900000
M102,透镜星系,Galaxy,15,6,30.0,55,45,48,9.90,50000000
M103,疏散星团,OpenCluster,1,33,24.0,60,39,0,7.40,8500
M104,草帽星系,Galaxy,12,40,0.0,-11,37,23,8.98,29300000
M105,狮子座星系,Galaxy,10,47,49.6,12,35,12,9.30,32000000
M106,猎犬座星系,Galaxy,12,18,57.5,47,18,14,8.30,25000000
M107,球状星团,GlobularCluster,16,32,31.9,-13,3,53,7.90,20900
M108,大熊座星系,Galaxy,11,11,31.2,55,40,27,10.00,45000000
M109,大熊座星系,Galaxy,11,57,36.0,53,22,28,9.80,55000000
M110,椭圆星系,Galaxy,0,40,22.1,41,41,7,8.00,2690000