ISS (ZARYA)
1 25544U 98067A   24001.50000000  .00002000  00000-0  30000-4 0  9990
2 25544  51.6400 100.0000 0005000  90.0000 270.0000 15.50000000123456
TIANGONG
1 54216U 22143A   24001.50000000  .00001000  00000-0  20000-4 0  9999
2 54216  41.4700 200.0000 0005000  90.0000 270.0000 15.60000000123456
HST
1 20580U 90037B   24001.50000000  .00000500  00000-0  10000-4 0  9993
2 20580  28.4700 150.0000 0002800  90.0000 270.0000 15.09000000123456
NOAA 19
1 33591U 09005A   24001.50000000  .00000050  00000-0  40000-4 0  9994
2 33591  99.1900  50.0000 0014000  90.0000 270.0000 14.12000000123456
GPS BIIF-12
1 41328U 16007A   24001.50000000  .00000010  00000-0  00000-0 0  9991
2 41328  55.0000 100.0000 0050000 250.0000 110.0000  2.00500000123456
TERRA
1 25994U 99068A   24001.50000000  .00000100  00000-0  40000-5 0  9995
2 25994  98.2000 280.0000 0001200  90.0000 270.0000 14.57000000123456
AQUA
1 27424U 02022A   24001.50000000  .00000100  00000-0  40000-5 0  9998
2 27424  98.2100 300.0000 0001300  90.0000 270.0000 14.57000000123456
FENGYUN-3D
1 43010U 17072A   24001.50000000  .00000100  00000-0  40000-5 0  9999
2 43010  98.7500 300.0000 0001200  90.0000 270.0000 14.20000000123456
GAOFEN-4
1 41194U 15078A   24001.50000000  .00000010  00000-0  00000-0 0  9991
2 41194   0.1000 105.0000 0001000 270.0000  90.0000  1.00270000123456
BEIDOU-3 G1
1 44231U 19015A   24001.50000000  .00000005  00000-0  00000-0 0  9992
2 44231   0.0500 110.5000 0002000 180.0000 180.0000  1.00270000123456
SENTINEL-2A
1 40697U 15028A   24001.50000000  .00000080  00000-0  30000-5 0  9993
2 40697  98.5200 280.0000 0001100  90.0000 270.0000 14.31000000123456
LANDSAT-9
1 49260U 21088A   24001.50000000  .00000070  00000-0  30000-5 0  9994
2 49260  98.2000 290.0000 0001000  90.0000 270.0000 14.57000000123456
FENGYUN-4A
1 41882U 16077A   24001.50000000  .00000005  00000-0  00000-0 0  9995
2 41882   0.0800 105.0000 0001500 270.0000  90.0000  1.00270000123456
METEOR-M N2
1 42025U 19012A   24001.50000000  .00000100  00000-0  40000-5 0  9996
2 42025  98.7000 270.0000 0001300  90.0000 270.0000 14.20000000123456
NOAA 20
1 43013U 17073A   24001.50000000  .00000060  00000-0  30000-5 0  9997
2 43013  98.7100 295.0000 0001200  90.0000 270.0000 14.19000000123456